{
 "cells": [
  {
   "cell_type": "markdown",
   "metadata": {},
   "source": [
    "# DATA VISUALIZATION ~ Tools"
   ]
  },
  {
   "cell_type": "markdown",
   "metadata": {},
   "source": [
    "Visualizing data has many advantages:\n",
    "* Complex data can be easily understood;\n",
    "* A simple visual representation of outlieirs, target audiences, and future markets can be created;\n",
    "* Storytelling can be done using dashboards and animations;\n",
    "* Data can be explored through interactive visualizations\n"
   ]
  },
  {
   "cell_type": "markdown",
   "metadata": {},
   "source": [
    "### Data Wrangling\n",
    "\n",
    "To draw conclusions from visualized data, we need to handle our data and transform it into the best possible represenation \n",
    "--> DATA WRANGLING: the discipline of augmenting, transforming and enrivhing data in a way that allows it to be diplayed and undestood by ML algorithms."
   ]
  },
  {
   "cell_type": "markdown",
   "metadata": {},
   "source": [
    "### Type of data\n",
    "It is important to understand what kind of data you are dealing with so that you can select both the right statistical measure and the right visualization. <br>\n",
    "We categorize data as categorical/qualitiative and numerical/quantitative. \n",
    "* Categorical data describe characteristics, for example, the color of an object or a person's gender;\n",
    "* Categorical data can be further divided into _nominal_ and _ordinal_ data. Compared to _nominal_ data, _ordinal_ data are ordered.\n",
    "* Numerical data can ve instead divided into _discrite_ and _continuous_ data.\n",
    "* Data are _discrite_ if they can take only certain values, for example, the number of brothers and sisters that a person has\n",
    "* Data are _continuous_ if they can take any value (sometimes limited by a range). For example, a person's weight. "
   ]
  },
  {
   "cell_type": "markdown",
   "metadata": {},
   "source": [
    "### NumPy\n",
    "Loading a sample dataset and calculting the mean"
   ]
  },
  {
   "cell_type": "code",
   "execution_count": 10,
   "metadata": {},
   "outputs": [],
   "source": [
    "import numpy as np \n"
   ]
  },
  {
   "cell_type": "code",
   "execution_count": 11,
   "metadata": {},
   "outputs": [],
   "source": [
    "# loading the dataset \n",
    "dataset = np.genfromtxt('normal_distribution.csv', delimiter=',')"
   ]
  },
  {
   "cell_type": "code",
   "execution_count": 14,
   "metadata": {},
   "outputs": [
    {
     "name": "stdout",
     "output_type": "stream",
     "text": [
      "[[ 99.14931546 104.03852715 107.43534677  97.85230675  98.74986914\n",
      "   98.80833412  96.81964892  98.56783189]\n",
      " [ 92.02628776  97.10439252  99.32066924  97.24584816  92.9267508\n",
      "   92.65657752 105.7197853  101.23162942]\n",
      " [ 95.66253664  95.17750125  90.93318132 110.18889465  98.80084371\n",
      "  105.95297652  98.37481387 106.54654286]\n",
      " [ 91.37294597 100.96781394 100.40118279 113.42090475 105.48508838\n",
      "   91.6604946  106.1472841   95.08715803]\n",
      " [101.20862522 103.5730309  100.28690912 105.85269352  93.37126331\n",
      "  108.57980357 100.79478953  94.20019732]\n",
      " [102.80387079  98.29687616  93.24376389  97.24130034  89.03452725\n",
      "   96.2832753  104.60344836 101.13442416]\n",
      " [106.71751618 102.97585605  98.45723272 100.72418901 106.39798503\n",
      "   95.46493436  94.35373179 106.83273763]\n",
      " [ 96.02548256 102.82360856 106.47551845 101.34745901 102.45651798\n",
      "   98.74767493  97.57544275  92.5748759 ]\n",
      " [105.30350449  92.87730812 103.19258339 104.40518318 101.29326772\n",
      "  100.85447132 101.2226037  106.03868807]\n",
      " [110.44484313  93.87155456 101.5363647   97.65393524  92.75048583\n",
      "  101.72074646  96.96851209 103.29147111]\n",
      " [101.3514185  100.37372248 106.6471081  100.61742813 105.0320535\n",
      "   99.35999981  98.87007532  95.85284217]\n",
      " [ 97.21315663 107.02874163 102.17642112  96.74630281  95.93799169\n",
      "  102.62384733 105.07475277  97.59572169]\n",
      " [ 95.65982034 107.22482426 107.19119932 102.93039474  85.98839623\n",
      "   95.19184343  91.32093303 102.35313953]\n",
      " [100.39303522  92.0108226   97.75887636  93.18884302 100.44940274\n",
      "  108.09423367  96.50342927  99.58664719]\n",
      " [103.1521596  109.40523174  93.83969256  99.95827854 101.83462816\n",
      "   99.69982772 103.05289628 103.93383957]\n",
      " [106.11454989  88.80221141  94.5081787   94.59300658 101.08830521\n",
      "   96.34622848  96.89244283  98.07122664]\n",
      " [ 96.78266211  99.84251605 104.03478031 106.57052697 105.13668343\n",
      "  105.37011896  99.07551254 104.15899829]\n",
      " [101.86186193 103.61720152  99.57859892  99.4889538  103.05541444\n",
      "   98.65912661  98.72774132 104.70526438]\n",
      " [ 97.49594839  96.59385486 104.63817694 102.55198606 105.86078488\n",
      "   96.5937781   93.04610867  99.92159953]\n",
      " [ 96.76814836  91.6779221  101.79132774 101.20773355  98.29243952\n",
      "  101.83845792  97.94046856 102.20618501]\n",
      " [106.89005002 106.57364584 102.26648279 107.40064604  99.94318168\n",
      "  103.40412146 106.38276709  98.00253006]\n",
      " [ 99.80873105 101.63973121 106.46476468 110.43976681 100.69156231\n",
      "   99.99579473 101.32113654  94.76253572]\n",
      " [ 96.10020311  94.57421727 100.80409326 105.02389857  98.61325194\n",
      "   95.62359311  97.99762409 103.83852459]\n",
      " [ 94.11176915  99.62387832 104.51786419  97.62787811  93.97853495\n",
      "   98.75108352 106.05042487 100.07721494]]\n"
     ]
    }
   ],
   "source": [
    "# Looking at the dataset\n",
    "print(dataset)"
   ]
  },
  {
   "cell_type": "code",
   "execution_count": 15,
   "metadata": {},
   "outputs": [
    {
     "name": "stdout",
     "output_type": "stream",
     "text": [
      "(24, 8)\n"
     ]
    }
   ],
   "source": [
    "# To get a quick overview of our dataset, we want to print out the shape of it\n",
    "print(dataset.shape)"
   ]
  },
  {
   "cell_type": "code",
   "execution_count": 16,
   "metadata": {},
   "outputs": [
    {
     "data": {
      "text/plain": [
       "array([ 99.14931546, 104.03852715, 107.43534677,  97.85230675,\n",
       "        98.74986914,  98.80833412,  96.81964892,  98.56783189])"
      ]
     },
     "execution_count": 16,
     "metadata": {},
     "output_type": "execute_result"
    }
   ],
   "source": [
    "# Selecting the first row in a numpy array\n",
    "dataset[0]"
   ]
  },
  {
   "cell_type": "code",
   "execution_count": 17,
   "metadata": {},
   "outputs": [
    {
     "data": {
      "text/plain": [
       "100.177647525"
      ]
     },
     "execution_count": 17,
     "metadata": {},
     "output_type": "execute_result"
    }
   ],
   "source": [
    "# Computing the mean of the first numpy array\n",
    "np.mean(dataset[0])"
   ]
  },
  {
   "cell_type": "code",
   "execution_count": 18,
   "metadata": {},
   "outputs": [
    {
     "data": {
      "text/plain": [
       "99.76743510416668"
      ]
     },
     "execution_count": 18,
     "metadata": {},
     "output_type": "execute_result"
    }
   ],
   "source": [
    "# We can do the same operation for the first column\n",
    "np.mean(dataset[:,0])"
   ]
  },
  {
   "cell_type": "markdown",
   "metadata": {},
   "source": [
    "If we want to get the mean for every single row, aggregated into a list, we can make use of the __axis__ tool of Numpy. \n",
    "By simply passing the __axis__ parameter in the np.mean() call, we can define the dimension of our data will be aggregated on.\n",
    "__axis__ = 0 -> HORIZONTAL\n",
    "__axis__ = 1 -> VERTICAL \n"
   ]
  },
  {
   "cell_type": "code",
   "execution_count": 19,
   "metadata": {},
   "outputs": [
    {
     "data": {
      "text/plain": [
       "array([ 99.7674351 ,  99.61229127, 101.14584656, 101.8449316 ,\n",
       "        99.04871791,  99.67838931,  99.7848489 , 100.44049274])"
      ]
     },
     "execution_count": 19,
     "metadata": {},
     "output_type": "execute_result"
    }
   ],
   "source": [
    "# mean for each row\n",
    "np.mean(dataset, axis = 0)"
   ]
  },
  {
   "cell_type": "code",
   "execution_count": 20,
   "metadata": {},
   "outputs": [
    {
     "data": {
      "text/plain": [
       "array([100.17764752,  97.27899259, 100.20466135, 100.56785907,\n",
       "       100.98341406,  97.83018578, 101.49052285,  99.75332252,\n",
       "       101.89845125,  99.77973914, 101.013081  , 100.54961696,\n",
       "        98.48256886,  98.49816126, 101.85956927,  97.05201872,\n",
       "       102.62147483, 101.21177037,  99.58777968,  98.96533534,\n",
       "       103.85792812, 101.89050288,  99.07192574,  99.34233101])"
      ]
     },
     "execution_count": 20,
     "metadata": {},
     "output_type": "execute_result"
    }
   ],
   "source": [
    "# mean for each column\n",
    "np.mean(dataset, axis = 1)"
   ]
  },
  {
   "cell_type": "code",
   "execution_count": 21,
   "metadata": {},
   "outputs": [
    {
     "data": {
      "text/plain": [
       "100.16536917390624"
      ]
     },
     "execution_count": 21,
     "metadata": {},
     "output_type": "execute_result"
    }
   ],
   "source": [
    "# mean of the whole dataset\n",
    "np.mean(dataset)"
   ]
  },
  {
   "cell_type": "markdown",
   "metadata": {},
   "source": [
    "#### Let's make some exercises"
   ]
  },
  {
   "cell_type": "code",
   "execution_count": 23,
   "metadata": {},
   "outputs": [
    {
     "data": {
      "text/plain": [
       "100.18206203"
      ]
     },
     "execution_count": 23,
     "metadata": {},
     "output_type": "execute_result"
    }
   ],
   "source": [
    "# Median of the dataset\n",
    "np.median(dataset)"
   ]
  },
  {
   "cell_type": "code",
   "execution_count": 28,
   "metadata": {},
   "outputs": [
    {
     "data": {
      "text/plain": [
       "ModeResult(mode=array([[91.37294597, 88.80221141, 90.93318132, 93.18884302, 85.98839623,\n",
       "        91.6604946 , 91.32093303, 92.5748759 ]]), count=array([[1, 1, 1, 1, 1, 1, 1, 1]]))"
      ]
     },
     "execution_count": 28,
     "metadata": {},
     "output_type": "execute_result"
    }
   ],
   "source": [
    "# Mode of the dataset\n",
    "import scipy.stats as stats\n",
    "stats.mode(dataset)"
   ]
  },
  {
   "cell_type": "markdown",
   "metadata": {},
   "source": [
    "#### Splitting data\n",
    "Splitting data can be helpful in many situations, from plotting only half of your time-series data to separating test and training data for ML algorithms.\n",
    "The are two ways of splitting your data, horizontally and vertically. \n",
    "* Horizontal spltting can be done with __hsplit__ method\n",
    "* Vertical splitting can be done with __vsplit__ method"
   ]
  },
  {
   "cell_type": "code",
   "execution_count": 36,
   "metadata": {},
   "outputs": [
    {
     "data": {
      "text/plain": [
       "[array([[ 99.14931546, 104.03852715, 107.43534677,  97.85230675],\n",
       "        [ 92.02628776,  97.10439252,  99.32066924,  97.24584816],\n",
       "        [ 95.66253664,  95.17750125,  90.93318132, 110.18889465],\n",
       "        [ 91.37294597, 100.96781394, 100.40118279, 113.42090475],\n",
       "        [101.20862522, 103.5730309 , 100.28690912, 105.85269352],\n",
       "        [102.80387079,  98.29687616,  93.24376389,  97.24130034],\n",
       "        [106.71751618, 102.97585605,  98.45723272, 100.72418901],\n",
       "        [ 96.02548256, 102.82360856, 106.47551845, 101.34745901],\n",
       "        [105.30350449,  92.87730812, 103.19258339, 104.40518318],\n",
       "        [110.44484313,  93.87155456, 101.5363647 ,  97.65393524],\n",
       "        [101.3514185 , 100.37372248, 106.6471081 , 100.61742813],\n",
       "        [ 97.21315663, 107.02874163, 102.17642112,  96.74630281],\n",
       "        [ 95.65982034, 107.22482426, 107.19119932, 102.93039474],\n",
       "        [100.39303522,  92.0108226 ,  97.75887636,  93.18884302],\n",
       "        [103.1521596 , 109.40523174,  93.83969256,  99.95827854],\n",
       "        [106.11454989,  88.80221141,  94.5081787 ,  94.59300658],\n",
       "        [ 96.78266211,  99.84251605, 104.03478031, 106.57052697],\n",
       "        [101.86186193, 103.61720152,  99.57859892,  99.4889538 ],\n",
       "        [ 97.49594839,  96.59385486, 104.63817694, 102.55198606],\n",
       "        [ 96.76814836,  91.6779221 , 101.79132774, 101.20773355],\n",
       "        [106.89005002, 106.57364584, 102.26648279, 107.40064604],\n",
       "        [ 99.80873105, 101.63973121, 106.46476468, 110.43976681],\n",
       "        [ 96.10020311,  94.57421727, 100.80409326, 105.02389857],\n",
       "        [ 94.11176915,  99.62387832, 104.51786419,  97.62787811]]),\n",
       " array([[ 98.74986914,  98.80833412,  96.81964892,  98.56783189],\n",
       "        [ 92.9267508 ,  92.65657752, 105.7197853 , 101.23162942],\n",
       "        [ 98.80084371, 105.95297652,  98.37481387, 106.54654286],\n",
       "        [105.48508838,  91.6604946 , 106.1472841 ,  95.08715803],\n",
       "        [ 93.37126331, 108.57980357, 100.79478953,  94.20019732],\n",
       "        [ 89.03452725,  96.2832753 , 104.60344836, 101.13442416],\n",
       "        [106.39798503,  95.46493436,  94.35373179, 106.83273763],\n",
       "        [102.45651798,  98.74767493,  97.57544275,  92.5748759 ],\n",
       "        [101.29326772, 100.85447132, 101.2226037 , 106.03868807],\n",
       "        [ 92.75048583, 101.72074646,  96.96851209, 103.29147111],\n",
       "        [105.0320535 ,  99.35999981,  98.87007532,  95.85284217],\n",
       "        [ 95.93799169, 102.62384733, 105.07475277,  97.59572169],\n",
       "        [ 85.98839623,  95.19184343,  91.32093303, 102.35313953],\n",
       "        [100.44940274, 108.09423367,  96.50342927,  99.58664719],\n",
       "        [101.83462816,  99.69982772, 103.05289628, 103.93383957],\n",
       "        [101.08830521,  96.34622848,  96.89244283,  98.07122664],\n",
       "        [105.13668343, 105.37011896,  99.07551254, 104.15899829],\n",
       "        [103.05541444,  98.65912661,  98.72774132, 104.70526438],\n",
       "        [105.86078488,  96.5937781 ,  93.04610867,  99.92159953],\n",
       "        [ 98.29243952, 101.83845792,  97.94046856, 102.20618501],\n",
       "        [ 99.94318168, 103.40412146, 106.38276709,  98.00253006],\n",
       "        [100.69156231,  99.99579473, 101.32113654,  94.76253572],\n",
       "        [ 98.61325194,  95.62359311,  97.99762409, 103.83852459],\n",
       "        [ 93.97853495,  98.75108352, 106.05042487, 100.07721494]])]"
      ]
     },
     "execution_count": 36,
     "metadata": {},
     "output_type": "execute_result"
    }
   ],
   "source": [
    "# Splitting horizontally in  equal lists\n",
    "np.hsplit(dataset, (2))\n",
    "## WARINING: If we pass a number that does not allow a perfect division of the dataset it will genereate an error. "
   ]
  },
  {
   "cell_type": "markdown",
   "metadata": {},
   "source": [
    "#### Iterating numpy arrays"
   ]
  },
  {
   "cell_type": "code",
   "execution_count": 38,
   "metadata": {},
   "outputs": [
    {
     "name": "stdout",
     "output_type": "stream",
     "text": [
      "(0, 0) 99.14931546\n",
      "(0, 1) 104.03852715\n",
      "(0, 2) 107.43534677\n",
      "(0, 3) 97.85230675\n",
      "(0, 4) 98.74986914\n",
      "(0, 5) 98.80833412\n",
      "(0, 6) 96.81964892\n",
      "(0, 7) 98.56783189\n",
      "(1, 0) 92.02628776\n",
      "(1, 1) 97.10439252\n",
      "(1, 2) 99.32066924\n",
      "(1, 3) 97.24584816\n",
      "(1, 4) 92.9267508\n",
      "(1, 5) 92.65657752\n",
      "(1, 6) 105.7197853\n",
      "(1, 7) 101.23162942\n",
      "(2, 0) 95.66253664\n",
      "(2, 1) 95.17750125\n",
      "(2, 2) 90.93318132\n",
      "(2, 3) 110.18889465\n",
      "(2, 4) 98.80084371\n",
      "(2, 5) 105.95297652\n",
      "(2, 6) 98.37481387\n",
      "(2, 7) 106.54654286\n",
      "(3, 0) 91.37294597\n",
      "(3, 1) 100.96781394\n",
      "(3, 2) 100.40118279\n",
      "(3, 3) 113.42090475\n",
      "(3, 4) 105.48508838\n",
      "(3, 5) 91.6604946\n",
      "(3, 6) 106.1472841\n",
      "(3, 7) 95.08715803\n",
      "(4, 0) 101.20862522\n",
      "(4, 1) 103.5730309\n",
      "(4, 2) 100.28690912\n",
      "(4, 3) 105.85269352\n",
      "(4, 4) 93.37126331\n",
      "(4, 5) 108.57980357\n",
      "(4, 6) 100.79478953\n",
      "(4, 7) 94.20019732\n",
      "(5, 0) 102.80387079\n",
      "(5, 1) 98.29687616\n",
      "(5, 2) 93.24376389\n",
      "(5, 3) 97.24130034\n",
      "(5, 4) 89.03452725\n",
      "(5, 5) 96.2832753\n",
      "(5, 6) 104.60344836\n",
      "(5, 7) 101.13442416\n",
      "(6, 0) 106.71751618\n",
      "(6, 1) 102.97585605\n",
      "(6, 2) 98.45723272\n",
      "(6, 3) 100.72418901\n",
      "(6, 4) 106.39798503\n",
      "(6, 5) 95.46493436\n",
      "(6, 6) 94.35373179\n",
      "(6, 7) 106.83273763\n",
      "(7, 0) 96.02548256\n",
      "(7, 1) 102.82360856\n",
      "(7, 2) 106.47551845\n",
      "(7, 3) 101.34745901\n",
      "(7, 4) 102.45651798\n",
      "(7, 5) 98.74767493\n",
      "(7, 6) 97.57544275\n",
      "(7, 7) 92.5748759\n",
      "(8, 0) 105.30350449\n",
      "(8, 1) 92.87730812\n",
      "(8, 2) 103.19258339\n",
      "(8, 3) 104.40518318\n",
      "(8, 4) 101.29326772\n",
      "(8, 5) 100.85447132\n",
      "(8, 6) 101.2226037\n",
      "(8, 7) 106.03868807\n",
      "(9, 0) 110.44484313\n",
      "(9, 1) 93.87155456\n",
      "(9, 2) 101.5363647\n",
      "(9, 3) 97.65393524\n",
      "(9, 4) 92.75048583\n",
      "(9, 5) 101.72074646\n",
      "(9, 6) 96.96851209\n",
      "(9, 7) 103.29147111\n",
      "(10, 0) 101.3514185\n",
      "(10, 1) 100.37372248\n",
      "(10, 2) 106.6471081\n",
      "(10, 3) 100.61742813\n",
      "(10, 4) 105.0320535\n",
      "(10, 5) 99.35999981\n",
      "(10, 6) 98.87007532\n",
      "(10, 7) 95.85284217\n",
      "(11, 0) 97.21315663\n",
      "(11, 1) 107.02874163\n",
      "(11, 2) 102.17642112\n",
      "(11, 3) 96.74630281\n",
      "(11, 4) 95.93799169\n",
      "(11, 5) 102.62384733\n",
      "(11, 6) 105.07475277\n",
      "(11, 7) 97.59572169\n",
      "(12, 0) 95.65982034\n",
      "(12, 1) 107.22482426\n",
      "(12, 2) 107.19119932\n",
      "(12, 3) 102.93039474\n",
      "(12, 4) 85.98839623\n",
      "(12, 5) 95.19184343\n",
      "(12, 6) 91.32093303\n",
      "(12, 7) 102.35313953\n",
      "(13, 0) 100.39303522\n",
      "(13, 1) 92.0108226\n",
      "(13, 2) 97.75887636\n",
      "(13, 3) 93.18884302\n",
      "(13, 4) 100.44940274\n",
      "(13, 5) 108.09423367\n",
      "(13, 6) 96.50342927\n",
      "(13, 7) 99.58664719\n",
      "(14, 0) 103.1521596\n",
      "(14, 1) 109.40523174\n",
      "(14, 2) 93.83969256\n",
      "(14, 3) 99.95827854\n",
      "(14, 4) 101.83462816\n",
      "(14, 5) 99.69982772\n",
      "(14, 6) 103.05289628\n",
      "(14, 7) 103.93383957\n",
      "(15, 0) 106.11454989\n",
      "(15, 1) 88.80221141\n",
      "(15, 2) 94.5081787\n",
      "(15, 3) 94.59300658\n",
      "(15, 4) 101.08830521\n",
      "(15, 5) 96.34622848\n",
      "(15, 6) 96.89244283\n",
      "(15, 7) 98.07122664\n",
      "(16, 0) 96.78266211\n",
      "(16, 1) 99.84251605\n",
      "(16, 2) 104.03478031\n",
      "(16, 3) 106.57052697\n",
      "(16, 4) 105.13668343\n",
      "(16, 5) 105.37011896\n",
      "(16, 6) 99.07551254\n",
      "(16, 7) 104.15899829\n",
      "(17, 0) 101.86186193\n",
      "(17, 1) 103.61720152\n",
      "(17, 2) 99.57859892\n",
      "(17, 3) 99.4889538\n",
      "(17, 4) 103.05541444\n",
      "(17, 5) 98.65912661\n",
      "(17, 6) 98.72774132\n",
      "(17, 7) 104.70526438\n",
      "(18, 0) 97.49594839\n",
      "(18, 1) 96.59385486\n",
      "(18, 2) 104.63817694\n",
      "(18, 3) 102.55198606\n",
      "(18, 4) 105.86078488\n",
      "(18, 5) 96.5937781\n",
      "(18, 6) 93.04610867\n",
      "(18, 7) 99.92159953\n",
      "(19, 0) 96.76814836\n",
      "(19, 1) 91.6779221\n",
      "(19, 2) 101.79132774\n",
      "(19, 3) 101.20773355\n",
      "(19, 4) 98.29243952\n",
      "(19, 5) 101.83845792\n",
      "(19, 6) 97.94046856\n",
      "(19, 7) 102.20618501\n",
      "(20, 0) 106.89005002\n",
      "(20, 1) 106.57364584\n",
      "(20, 2) 102.26648279\n",
      "(20, 3) 107.40064604\n",
      "(20, 4) 99.94318168\n",
      "(20, 5) 103.40412146\n",
      "(20, 6) 106.38276709\n",
      "(20, 7) 98.00253006\n",
      "(21, 0) 99.80873105\n",
      "(21, 1) 101.63973121\n",
      "(21, 2) 106.46476468\n",
      "(21, 3) 110.43976681\n",
      "(21, 4) 100.69156231\n",
      "(21, 5) 99.99579473\n",
      "(21, 6) 101.32113654\n",
      "(21, 7) 94.76253572\n",
      "(22, 0) 96.10020311\n",
      "(22, 1) 94.57421727\n",
      "(22, 2) 100.80409326\n",
      "(22, 3) 105.02389857\n",
      "(22, 4) 98.61325194\n",
      "(22, 5) 95.62359311\n",
      "(22, 6) 97.99762409\n",
      "(22, 7) 103.83852459\n",
      "(23, 0) 94.11176915\n",
      "(23, 1) 99.62387832\n",
      "(23, 2) 104.51786419\n",
      "(23, 3) 97.62787811\n",
      "(23, 4) 93.97853495\n",
      "(23, 5) 98.75108352\n",
      "(23, 6) 106.05042487\n",
      "(23, 7) 100.07721494\n"
     ]
    }
   ],
   "source": [
    "# Iterating over whole dataset with indices amtching the position in the dataset\n",
    "for index, value in np.ndenumerate(dataset):\n",
    "    print(index, value)"
   ]
  },
  {
   "cell_type": "markdown",
   "metadata": {},
   "source": [
    "#### Filtering\n",
    "Filtering is a very powerful tool that can be used to clean up your data if you want to avoid outliers values. \n",
    "It's also helpful to get some better insights into your data"
   ]
  },
  {
   "cell_type": "code",
   "execution_count": 47,
   "metadata": {},
   "outputs": [
    {
     "data": {
      "text/plain": [
       "array([104.03852715, 107.43534677, 105.7197853 , 101.23162942,\n",
       "       110.18889465, 105.95297652, 106.54654286, 100.96781394,\n",
       "       100.40118279, 113.42090475, 105.48508838, 106.1472841 ,\n",
       "       101.20862522, 103.5730309 , 100.28690912, 105.85269352,\n",
       "       108.57980357, 100.79478953, 102.80387079, 104.60344836,\n",
       "       101.13442416, 106.71751618, 102.97585605, 100.72418901,\n",
       "       106.39798503, 106.83273763, 102.82360856, 106.47551845,\n",
       "       101.34745901, 102.45651798, 105.30350449, 103.19258339,\n",
       "       104.40518318, 101.29326772, 100.85447132, 101.2226037 ,\n",
       "       106.03868807, 110.44484313, 101.5363647 , 101.72074646,\n",
       "       103.29147111, 101.3514185 , 100.37372248, 106.6471081 ,\n",
       "       100.61742813, 105.0320535 , 107.02874163, 102.17642112,\n",
       "       102.62384733, 105.07475277, 107.22482426, 107.19119932,\n",
       "       102.93039474, 102.35313953, 100.39303522, 100.44940274,\n",
       "       108.09423367, 103.1521596 , 109.40523174, 101.83462816,\n",
       "       103.05289628, 103.93383957, 106.11454989, 101.08830521,\n",
       "       104.03478031, 106.57052697, 105.13668343, 105.37011896,\n",
       "       104.15899829, 101.86186193, 103.61720152, 103.05541444,\n",
       "       104.70526438, 104.63817694, 102.55198606, 105.86078488,\n",
       "       101.79132774, 101.20773355, 101.83845792, 102.20618501,\n",
       "       106.89005002, 106.57364584, 102.26648279, 107.40064604,\n",
       "       103.40412146, 106.38276709, 101.63973121, 106.46476468,\n",
       "       110.43976681, 100.69156231, 101.32113654, 100.80409326,\n",
       "       105.02389857, 103.83852459, 104.51786419, 106.05042487,\n",
       "       100.07721494])"
      ]
     },
     "execution_count": 47,
     "metadata": {},
     "output_type": "execute_result"
    }
   ],
   "source": [
    "dataset[dataset > 100]"
   ]
  },
  {
   "cell_type": "markdown",
   "metadata": {},
   "source": [
    "In addition to the short hand notation, there is also a built-in __extract__ method, which does the same thing using a different notation, but gives us greater control with more complex examples. \n"
   ]
  },
  {
   "cell_type": "code",
   "execution_count": 50,
   "metadata": {},
   "outputs": [
    {
     "data": {
      "text/plain": [
       "array([89.03452725, 85.98839623, 88.80221141])"
      ]
     },
     "execution_count": 50,
     "metadata": {},
     "output_type": "execute_result"
    }
   ],
   "source": [
    "np.extract((dataset < 90), dataset)"
   ]
  },
  {
   "cell_type": "code",
   "execution_count": 53,
   "metadata": {},
   "outputs": [
    {
     "data": {
      "text/plain": [
       "array([89.03452725, 85.98839623, 88.80221141])"
      ]
     },
     "execution_count": 53,
     "metadata": {},
     "output_type": "execute_result"
    }
   ],
   "source": [
    "np.extract((dataset < 90) &  (dataset > 60), dataset)"
   ]
  },
  {
   "cell_type": "markdown",
   "metadata": {},
   "source": [
    "If we only want to extract the _indices_ of the values that match our given condition, we can use the built-in __where__ method"
   ]
  },
  {
   "cell_type": "code",
   "execution_count": 55,
   "metadata": {},
   "outputs": [
    {
     "data": {
      "text/plain": [
       "(array([ 5, 12, 15], dtype=int64), array([4, 4, 1], dtype=int64))"
      ]
     },
     "execution_count": 55,
     "metadata": {},
     "output_type": "execute_result"
    }
   ],
   "source": [
    "np.where(dataset < 90)"
   ]
  },
  {
   "cell_type": "markdown",
   "metadata": {},
   "source": [
    "#### Sorting"
   ]
  },
  {
   "cell_type": "code",
   "execution_count": 57,
   "metadata": {},
   "outputs": [
    {
     "data": {
      "text/plain": [
       "array([[ 96.81964892,  97.85230675,  98.56783189,  98.74986914,\n",
       "         98.80833412,  99.14931546, 104.03852715, 107.43534677],\n",
       "       [ 92.02628776,  92.65657752,  92.9267508 ,  97.10439252,\n",
       "         97.24584816,  99.32066924, 101.23162942, 105.7197853 ],\n",
       "       [ 90.93318132,  95.17750125,  95.66253664,  98.37481387,\n",
       "         98.80084371, 105.95297652, 106.54654286, 110.18889465],\n",
       "       [ 91.37294597,  91.6604946 ,  95.08715803, 100.40118279,\n",
       "        100.96781394, 105.48508838, 106.1472841 , 113.42090475],\n",
       "       [ 93.37126331,  94.20019732, 100.28690912, 100.79478953,\n",
       "        101.20862522, 103.5730309 , 105.85269352, 108.57980357],\n",
       "       [ 89.03452725,  93.24376389,  96.2832753 ,  97.24130034,\n",
       "         98.29687616, 101.13442416, 102.80387079, 104.60344836],\n",
       "       [ 94.35373179,  95.46493436,  98.45723272, 100.72418901,\n",
       "        102.97585605, 106.39798503, 106.71751618, 106.83273763],\n",
       "       [ 92.5748759 ,  96.02548256,  97.57544275,  98.74767493,\n",
       "        101.34745901, 102.45651798, 102.82360856, 106.47551845],\n",
       "       [ 92.87730812, 100.85447132, 101.2226037 , 101.29326772,\n",
       "        103.19258339, 104.40518318, 105.30350449, 106.03868807],\n",
       "       [ 92.75048583,  93.87155456,  96.96851209,  97.65393524,\n",
       "        101.5363647 , 101.72074646, 103.29147111, 110.44484313],\n",
       "       [ 95.85284217,  98.87007532,  99.35999981, 100.37372248,\n",
       "        100.61742813, 101.3514185 , 105.0320535 , 106.6471081 ],\n",
       "       [ 95.93799169,  96.74630281,  97.21315663,  97.59572169,\n",
       "        102.17642112, 102.62384733, 105.07475277, 107.02874163],\n",
       "       [ 85.98839623,  91.32093303,  95.19184343,  95.65982034,\n",
       "        102.35313953, 102.93039474, 107.19119932, 107.22482426],\n",
       "       [ 92.0108226 ,  93.18884302,  96.50342927,  97.75887636,\n",
       "         99.58664719, 100.39303522, 100.44940274, 108.09423367],\n",
       "       [ 93.83969256,  99.69982772,  99.95827854, 101.83462816,\n",
       "        103.05289628, 103.1521596 , 103.93383957, 109.40523174],\n",
       "       [ 88.80221141,  94.5081787 ,  94.59300658,  96.34622848,\n",
       "         96.89244283,  98.07122664, 101.08830521, 106.11454989],\n",
       "       [ 96.78266211,  99.07551254,  99.84251605, 104.03478031,\n",
       "        104.15899829, 105.13668343, 105.37011896, 106.57052697],\n",
       "       [ 98.65912661,  98.72774132,  99.4889538 ,  99.57859892,\n",
       "        101.86186193, 103.05541444, 103.61720152, 104.70526438],\n",
       "       [ 93.04610867,  96.5937781 ,  96.59385486,  97.49594839,\n",
       "         99.92159953, 102.55198606, 104.63817694, 105.86078488],\n",
       "       [ 91.6779221 ,  96.76814836,  97.94046856,  98.29243952,\n",
       "        101.20773355, 101.79132774, 101.83845792, 102.20618501],\n",
       "       [ 98.00253006,  99.94318168, 102.26648279, 103.40412146,\n",
       "        106.38276709, 106.57364584, 106.89005002, 107.40064604],\n",
       "       [ 94.76253572,  99.80873105,  99.99579473, 100.69156231,\n",
       "        101.32113654, 101.63973121, 106.46476468, 110.43976681],\n",
       "       [ 94.57421727,  95.62359311,  96.10020311,  97.99762409,\n",
       "         98.61325194, 100.80409326, 103.83852459, 105.02389857],\n",
       "       [ 93.97853495,  94.11176915,  97.62787811,  98.75108352,\n",
       "         99.62387832, 100.07721494, 104.51786419, 106.05042487]])"
      ]
     },
     "execution_count": 57,
     "metadata": {},
     "output_type": "execute_result"
    }
   ],
   "source": [
    "np.sort(dataset)"
   ]
  },
  {
   "cell_type": "code",
   "execution_count": 59,
   "metadata": {},
   "outputs": [
    {
     "data": {
      "text/plain": [
       "array([[ 96.81964892,  97.85230675,  98.56783189,  98.74986914,\n",
       "         98.80833412,  99.14931546, 104.03852715, 107.43534677],\n",
       "       [ 92.02628776,  92.65657752,  92.9267508 ,  97.10439252,\n",
       "         97.24584816,  99.32066924, 101.23162942, 105.7197853 ],\n",
       "       [ 90.93318132,  95.17750125,  95.66253664,  98.37481387,\n",
       "         98.80084371, 105.95297652, 106.54654286, 110.18889465],\n",
       "       [ 91.37294597,  91.6604946 ,  95.08715803, 100.40118279,\n",
       "        100.96781394, 105.48508838, 106.1472841 , 113.42090475],\n",
       "       [ 93.37126331,  94.20019732, 100.28690912, 100.79478953,\n",
       "        101.20862522, 103.5730309 , 105.85269352, 108.57980357],\n",
       "       [ 89.03452725,  93.24376389,  96.2832753 ,  97.24130034,\n",
       "         98.29687616, 101.13442416, 102.80387079, 104.60344836],\n",
       "       [ 94.35373179,  95.46493436,  98.45723272, 100.72418901,\n",
       "        102.97585605, 106.39798503, 106.71751618, 106.83273763],\n",
       "       [ 92.5748759 ,  96.02548256,  97.57544275,  98.74767493,\n",
       "        101.34745901, 102.45651798, 102.82360856, 106.47551845],\n",
       "       [ 92.87730812, 100.85447132, 101.2226037 , 101.29326772,\n",
       "        103.19258339, 104.40518318, 105.30350449, 106.03868807],\n",
       "       [ 92.75048583,  93.87155456,  96.96851209,  97.65393524,\n",
       "        101.5363647 , 101.72074646, 103.29147111, 110.44484313],\n",
       "       [ 95.85284217,  98.87007532,  99.35999981, 100.37372248,\n",
       "        100.61742813, 101.3514185 , 105.0320535 , 106.6471081 ],\n",
       "       [ 95.93799169,  96.74630281,  97.21315663,  97.59572169,\n",
       "        102.17642112, 102.62384733, 105.07475277, 107.02874163],\n",
       "       [ 85.98839623,  91.32093303,  95.19184343,  95.65982034,\n",
       "        102.35313953, 102.93039474, 107.19119932, 107.22482426],\n",
       "       [ 92.0108226 ,  93.18884302,  96.50342927,  97.75887636,\n",
       "         99.58664719, 100.39303522, 100.44940274, 108.09423367],\n",
       "       [ 93.83969256,  99.69982772,  99.95827854, 101.83462816,\n",
       "        103.05289628, 103.1521596 , 103.93383957, 109.40523174],\n",
       "       [ 88.80221141,  94.5081787 ,  94.59300658,  96.34622848,\n",
       "         96.89244283,  98.07122664, 101.08830521, 106.11454989],\n",
       "       [ 96.78266211,  99.07551254,  99.84251605, 104.03478031,\n",
       "        104.15899829, 105.13668343, 105.37011896, 106.57052697],\n",
       "       [ 98.65912661,  98.72774132,  99.4889538 ,  99.57859892,\n",
       "        101.86186193, 103.05541444, 103.61720152, 104.70526438],\n",
       "       [ 93.04610867,  96.5937781 ,  96.59385486,  97.49594839,\n",
       "         99.92159953, 102.55198606, 104.63817694, 105.86078488],\n",
       "       [ 91.6779221 ,  96.76814836,  97.94046856,  98.29243952,\n",
       "        101.20773355, 101.79132774, 101.83845792, 102.20618501],\n",
       "       [ 98.00253006,  99.94318168, 102.26648279, 103.40412146,\n",
       "        106.38276709, 106.57364584, 106.89005002, 107.40064604],\n",
       "       [ 94.76253572,  99.80873105,  99.99579473, 100.69156231,\n",
       "        101.32113654, 101.63973121, 106.46476468, 110.43976681],\n",
       "       [ 94.57421727,  95.62359311,  96.10020311,  97.99762409,\n",
       "         98.61325194, 100.80409326, 103.83852459, 105.02389857],\n",
       "       [ 93.97853495,  94.11176915,  97.62787811,  98.75108352,\n",
       "         99.62387832, 100.07721494, 104.51786419, 106.05042487]])"
      ]
     },
     "execution_count": 59,
     "metadata": {},
     "output_type": "execute_result"
    }
   ],
   "source": [
    "np.sort(dataset, axis = 1)"
   ]
  },
  {
   "cell_type": "markdown",
   "metadata": {},
   "source": [
    "In addition, __argsort__ gives us the possibility to get a list of indices, which would result in a sorted list"
   ]
  },
  {
   "cell_type": "code",
   "execution_count": 60,
   "metadata": {},
   "outputs": [
    {
     "data": {
      "text/plain": [
       "array([[6, 3, 7, 4, 5, 0, 1, 2],\n",
       "       [0, 5, 4, 1, 3, 2, 7, 6],\n",
       "       [2, 1, 0, 6, 4, 5, 7, 3],\n",
       "       [0, 5, 7, 2, 1, 4, 6, 3],\n",
       "       [4, 7, 2, 6, 0, 1, 3, 5],\n",
       "       [4, 2, 5, 3, 1, 7, 0, 6],\n",
       "       [6, 5, 2, 3, 1, 4, 0, 7],\n",
       "       [7, 0, 6, 5, 3, 4, 1, 2],\n",
       "       [1, 5, 6, 4, 2, 3, 0, 7],\n",
       "       [4, 1, 6, 3, 2, 5, 7, 0],\n",
       "       [7, 6, 5, 1, 3, 0, 4, 2],\n",
       "       [4, 3, 0, 7, 2, 5, 6, 1],\n",
       "       [4, 6, 5, 0, 7, 3, 2, 1],\n",
       "       [1, 3, 6, 2, 7, 0, 4, 5],\n",
       "       [2, 5, 3, 4, 6, 0, 7, 1],\n",
       "       [1, 2, 3, 5, 6, 7, 4, 0],\n",
       "       [0, 6, 1, 2, 7, 4, 5, 3],\n",
       "       [5, 6, 3, 2, 0, 4, 1, 7],\n",
       "       [6, 5, 1, 0, 7, 3, 2, 4],\n",
       "       [1, 0, 6, 4, 3, 2, 5, 7],\n",
       "       [7, 4, 2, 5, 6, 1, 0, 3],\n",
       "       [7, 0, 5, 4, 6, 1, 2, 3],\n",
       "       [1, 5, 0, 6, 4, 2, 7, 3],\n",
       "       [4, 0, 3, 5, 1, 7, 2, 6]], dtype=int64)"
      ]
     },
     "execution_count": 60,
     "metadata": {},
     "output_type": "execute_result"
    }
   ],
   "source": [
    "np.argsort(dataset)"
   ]
  },
  {
   "cell_type": "markdown",
   "metadata": {},
   "source": [
    "#### Combining\n",
    "Stacking rows and columns onto an existing dataset can be helpful when you have two datasets of the same dimension saved to different files."
   ]
  },
  {
   "cell_type": "markdown",
   "metadata": {},
   "source": [
    "* Given two datasets, we use __vstack__ to stack dataset_1 on top of dataset_2, which will give us a combined dataset woth all the rows from dataset_1, followed by all the rows from dataset_2. \n",
    "* If we use __hstack__, we stack our datasets next to each other, meaning that the elements from the first row of dataset_1 will be folloed by the elements of the frist row of dataset_2. "
   ]
  },
  {
   "cell_type": "markdown",
   "metadata": {},
   "source": [
    "#### Reshaping \n",
    "Reshaping can be crucial fro some algorithms. Depending on the nature of your data, it might help you to reduce dimensionality to make visualization easier. \n"
   ]
  },
  {
   "cell_type": "code",
   "execution_count": 61,
   "metadata": {},
   "outputs": [
    {
     "data": {
      "text/plain": [
       "array([[ 99.14931546, 104.03852715, 107.43534677,  97.85230675,\n",
       "         98.74986914,  98.80833412,  96.81964892,  98.56783189,\n",
       "         92.02628776,  97.10439252,  99.32066924,  97.24584816,\n",
       "         92.9267508 ,  92.65657752, 105.7197853 , 101.23162942,\n",
       "         95.66253664,  95.17750125,  90.93318132, 110.18889465,\n",
       "         98.80084371, 105.95297652,  98.37481387, 106.54654286,\n",
       "         91.37294597, 100.96781394, 100.40118279, 113.42090475,\n",
       "        105.48508838,  91.6604946 , 106.1472841 ,  95.08715803,\n",
       "        101.20862522, 103.5730309 , 100.28690912, 105.85269352,\n",
       "         93.37126331, 108.57980357, 100.79478953,  94.20019732,\n",
       "        102.80387079,  98.29687616,  93.24376389,  97.24130034,\n",
       "         89.03452725,  96.2832753 , 104.60344836, 101.13442416,\n",
       "        106.71751618, 102.97585605,  98.45723272, 100.72418901,\n",
       "        106.39798503,  95.46493436,  94.35373179, 106.83273763,\n",
       "         96.02548256, 102.82360856, 106.47551845, 101.34745901,\n",
       "        102.45651798,  98.74767493,  97.57544275,  92.5748759 ,\n",
       "        105.30350449,  92.87730812, 103.19258339, 104.40518318,\n",
       "        101.29326772, 100.85447132, 101.2226037 , 106.03868807,\n",
       "        110.44484313,  93.87155456, 101.5363647 ,  97.65393524,\n",
       "         92.75048583, 101.72074646,  96.96851209, 103.29147111,\n",
       "        101.3514185 , 100.37372248, 106.6471081 , 100.61742813,\n",
       "        105.0320535 ,  99.35999981,  98.87007532,  95.85284217,\n",
       "         97.21315663, 107.02874163, 102.17642112,  96.74630281,\n",
       "         95.93799169, 102.62384733, 105.07475277,  97.59572169,\n",
       "         95.65982034, 107.22482426, 107.19119932, 102.93039474,\n",
       "         85.98839623,  95.19184343,  91.32093303, 102.35313953,\n",
       "        100.39303522,  92.0108226 ,  97.75887636,  93.18884302,\n",
       "        100.44940274, 108.09423367,  96.50342927,  99.58664719,\n",
       "        103.1521596 , 109.40523174,  93.83969256,  99.95827854,\n",
       "        101.83462816,  99.69982772, 103.05289628, 103.93383957,\n",
       "        106.11454989,  88.80221141,  94.5081787 ,  94.59300658,\n",
       "        101.08830521,  96.34622848,  96.89244283,  98.07122664,\n",
       "         96.78266211,  99.84251605, 104.03478031, 106.57052697,\n",
       "        105.13668343, 105.37011896,  99.07551254, 104.15899829,\n",
       "        101.86186193, 103.61720152,  99.57859892,  99.4889538 ,\n",
       "        103.05541444,  98.65912661,  98.72774132, 104.70526438,\n",
       "         97.49594839,  96.59385486, 104.63817694, 102.55198606,\n",
       "        105.86078488,  96.5937781 ,  93.04610867,  99.92159953,\n",
       "         96.76814836,  91.6779221 , 101.79132774, 101.20773355,\n",
       "         98.29243952, 101.83845792,  97.94046856, 102.20618501,\n",
       "        106.89005002, 106.57364584, 102.26648279, 107.40064604,\n",
       "         99.94318168, 103.40412146, 106.38276709,  98.00253006,\n",
       "         99.80873105, 101.63973121, 106.46476468, 110.43976681,\n",
       "        100.69156231,  99.99579473, 101.32113654,  94.76253572,\n",
       "         96.10020311,  94.57421727, 100.80409326, 105.02389857,\n",
       "         98.61325194,  95.62359311,  97.99762409, 103.83852459,\n",
       "         94.11176915,  99.62387832, 104.51786419,  97.62787811,\n",
